10 -2 2
10 -3 3
2 0 1
1.5 0
1.5 0
1.5 0
1.5 0
1.5 0
1.5 0
1.5 0
1.5 0
1.5 0
1.5 0
1.5 0
1.5 0
1.5 0
1.5 0
1.5 0
1.5 0
1.5 0
1.5 0
1.5 0
1.5 0
1.6 0
1.6 0
1.6 0
1.6 0
1.6 0
1.6 0
1.6 0
1.6 0
1.6 0
1.6 0
1.6 0
1.6 0
1.6 0
1.6 0
1.6 0
1.6 0
1.6 0
1.6 0
1.6 0
1.6 0
1.6 0
1.6 0
1.6 0
1.6 0
1.6 0
1.6 0
1.6 0
1.6 0
1.6 0
1.6 0
1.6 0
1.6 0
1.6 0
1.6 0
1.6 0
1.6 0
1.6 0
1.6 0
1.6 0
1.6 0
1.6 0
1.6 0
1.6 0
1.6 0
1.6 0
1.6 0
1.6 0
1.6 0
1.6 0
1.6 0
1.6 0
1.6 0
1.6 0
1.6 0
1.6 0
1.6 0
1.6 0
1.6 0
1.6 0
1.6 0
1.5 0
1.5 0
1.5 0
1.5 0
1.5 0
1.5 0
1.5 0
1.5 0
1.5 0
1.5 0
1.5 0
1.5 0
1.5 0
1.5 0
1.5 0
1.5 0
1.5 0
1.5 0
1.5 0
1.5 0
1.5 0
1.5 0
1.5 0
1.5 0
1.5 0
1.5 0
1.5 0
1.5 0
1.5 0
1.5 0
1.5 0
1.5 0
1.5 0
1.5 0
1.5 0
1.5 0
1.5 0
1.5 0
1.5 0
1.5 0
1.6 0
1.6 0
1.6 0
1.6 0
1.6 0
1.6 0
1.6 0
1.6 0
1.6 0
1.6 0
1.6 0
1.6 0
1.6 0
1.6 0
1.6 0
1.6 0
1.6 0
1.6 0
1.6 0
1.6 0
1.6 0
1.6 0
1.6 0
1.6 0
1.6 0
1.6 0
1.6 0
1.6 0
1.6 0
1.6 0
1.6 0
1.6 0
1.6 0
1.6 0
1.6 0
1.6 0
1.6 0
1.6 0
1.6 0
1.6 0
1.6 0
1.6 0
1.6 0
1.6 0
1.6 0
1.6 0
1.6 0
1.6 0
1.6 0
1.6 0
1.6 0
1.6 0
1.6 0
1.6 0
1.6 0
1.6 0
1.6 0
1.6 0
1.6 0
1.6 0
1.5 0
1.5 0
1.5 0
1.5 0
1.5 0
1.5 0
1.5 0
1.5 0
1.5 0
1.5 0
1.5 0
1.5 0
1.5 0
1.5 0
1.5 0
1.5 0
1.5 0
1.5 0
1.5 0
1.5 0
